10
1000 1000 48 300
0 1
1 2
2 3
1 4
1 5
0 6
0 7
0 8
1 9
7 10
0 11
11 12
5 13
9 14
2 15
12 16
4 17
3 18
18 19
11 20
8 21
14 22
12 23
2 24
9 25
12 26
19 27
20 28
17 29
9 30
21 31
7 32
15 33
9 34
30 35
26 36
30 37
6 38
37 39
28 40
25 41
41 42
30 43
21 44
39 45
6 46
10 47
36 48
2 49
22 50
47 51
8 52
5 53
28 54
12 55
43 56
56 57
57 58
16 59
11 60
26 61
15 62
6 63
17 64
49 65
9 66
17 67
11 68
33 69
17 70
23 71
25 72
68 73
55 74
35 75
18 76
64 77
22 78
0 79
75 80
43 81
47 82
34 83
12 84
58 85
52 86
84 87
52 88
34 89
83 90
1 91
65 92
22 93
51 94
93 95
30 96
76 97
69 98
91 99
24 100
100 101
100 102
14 103
85 104
26 105
45 106
74 107
89 108
61 109
50 110
82 111
9 112
11 113
23 114
93 115
64 116
59 117
66 118
101 119
106 120
103 121
100 122
82 123
102 124
7 125
38 126
50 127
98 128
77 129
19 130
74 131
23 132
71 133
111 134
130 135
114 136
40 137
126 138
68 139
86 140
38 141
67 142
106 143
7 144
93 145
116 146
16 147
92 148
19 149
65 150
69 151
117 152
139 153
7 154
36 155
3 156
42 157
36 158
87 159
33 160
104 161
137 162
95 163
112 164
135 165
131 166
46 167
21 168
152 169
130 170
44 171
28 172
22 173
93 174
142 175
129 176
30 177
64 178
178 179
36 180
85 181
36 182
128 183
182 184
15 185
53 186
132 187
185 188
171 189
7 190
134 191
169 192
163 193
31 194
111 195
177 196
81 197
44 198
68 199
189 200
136 201
11 202
103 203
145 204
192 205
79 206
95 207
16 208
140 209
7 210
163 211
114 212
199 213
72 214
91 215
203 216
0 217
57 218
145 219
212 220
185 221
107 222
162 223
63 224
42 225
157 226
103 227
78 228
16 229
186 230
70 231
222 232
19 233
17 234
186 235
132 236
57 237
181 238
162 239
191 240
204 241
160 242
208 243
177 244
76 245
123 246
102 247
13 248
232 249
41 250
128 251
147 252
217 253
193 254
50 255
22 256
171 257
172 258
167 259
258 260
64 261
111 262
69 263
235 264
64 265
236 266
244 267
148 268
28 269
29 270
247 271
250 272
153 273
130 274
198 275
174 276
33 277
64 278
43 279
271 280
85 281
20 282
244 283
45 284
240 285
196 286
152 287
176 288
254 289
149 290
133 291
142 292
65 293
6 294
129 295
7 296
267 297
295 298
195 299
256 300
98 301
118 302
232 303
141 304
135 305
152 306
185 307
295 308
207 309
289 310
239 311
163 312
93 313
81 314
200 315
87 316
46 317
119 318
205 319
44 320
281 321
227 322
28 323
192 324
254 325
245 326
111 327
50 328
218 329
95 330
320 331
175 332
39 333
304 334
57 335
168 336
308 337
198 338
197 339
332 340
29 341
123 342
329 343
29 344
47 345
167 346
219 347
302 348
39 349
319 350
54 351
156 352
56 353
36 354
266 355
23 356
254 357
103 358
212 359
153 360
32 361
349 362
201 363
334 364
6 365
145 366
281 367
134 368
52 369
85 370
303 371
325 372
44 373
174 374
281 375
114 376
122 377
46 378
42 379
176 380
138 381
176 382
27 383
229 384
236 385
88 386
84 387
245 388
86 389
76 390
276 391
191 392
273 393
253 394
277 395
109 396
197 397
197 398
21 399
14 400
251 401
365 402
189 403
294 404
127 405
113 406
245 407
275 408
263 409
273 410
67 411
276 412
403 413
219 414
216 415
139 416
269 417
148 418
271 419
54 420
12 421
263 422
12 423
33 424
202 425
347 426
54 427
211 428
130 429
93 430
200 431
56 432
305 433
205 434
149 435
235 436
193 437
177 438
259 439
266 440
105 441
291 442
11 443
206 444
433 445
164 446
307 447
127 448
289 449
84 450
3 451
406 452
224 453
196 454
146 455
347 456
274 457
5 458
175 459
98 460
345 461
41 462
252 463
380 464
207 465
417 466
333 467
129 468
425 469
18 470
316 471
421 472
79 473
33 474
451 475
329 476
201 477
112 478
429 479
402 480
42 481
1 482
480 483
147 484
197 485
116 486
92 487
446 488
115 489
214 490
223 491
269 492
334 493
41 494
193 495
377 496
53 497
47 498
80 499
181 500
101 501
375 502
107 503
433 504
133 505
461 506
494 507
121 508
45 509
305 510
374 511
120 512
467 513
462 514
321 515
116 516
242 517
469 518
48 519
180 520
36 521
105 522
21 523
396 524
57 525
141 526
2 527
435 528
483 529
176 530
15 531
355 532
64 533
349 534
338 535
469 536
13 537
57 538
168 539
203 540
422 541
536 542
435 543
30 544
80 545
353 546
316 547
243 548
230 549
229 550
456 551
115 552
471 553
210 554
319 555
407 556
468 557
467 558
381 559
263 560
537 561
499 562
94 563
289 564
318 565
435 566
195 567
360 568
454 569
521 570
310 571
104 572
461 573
184 574
20 575
94 576
66 577
64 578
36 579
548 580
464 581
316 582
39 583
476 584
512 585
561 586
425 587
160 588
308 589
239 590
266 591
126 592
583 593
401 594
209 595
200 596
511 597
191 598
146 599
593 600
143 601
469 602
8 603
123 604
7 605
582 606
450 607
91 608
400 609
329 610
360 611
26 612
283 613
18 614
115 615
208 616
443 617
35 618
175 619
52 620
274 621
399 622
421 623
431 624
0 625
59 626
27 627
598 628
446 629
187 630
106 631
197 632
182 633
593 634
118 635
80 636
258 637
458 638
148 639
400 640
205 641
103 642
117 643
4 644
629 645
110 646
180 647
555 648
146 649
648 650
384 651
439 652
598 653
345 654
95 655
375 656
159 657
210 658
126 659
212 660
577 661
211 662
71 663
520 664
204 665
394 666
583 667
179 668
388 669
70 670
190 671
117 672
232 673
49 674
395 675
287 676
410 677
515 678
445 679
346 680
433 681
377 682
507 683
612 684
424 685
413 686
122 687
628 688
16 689
140 690
75 691
505 692
378 693
610 694
545 695
59 696
463 697
42 698
26 699
369 700
114 701
640 702
567 703
318 704
633 705
641 706
242 707
589 708
571 709
531 710
95 711
17 712
474 713
654 714
167 715
362 716
520 717
28 718
126 719
114 720
544 721
92 722
632 723
246 724
47 725
16 726
631 727
710 728
505 729
382 730
242 731
487 732
44 733
664 734
650 735
11 736
528 737
382 738
728 739
67 740
277 741
456 742
398 743
33 744
95 745
587 746
503 747
605 748
694 749
181 750
628 751
694 752
443 753
744 754
468 755
84 756
521 757
345 758
328 759
710 760
363 761
602 762
76 763
337 764
553 765
306 766
107 767
728 768
749 769
722 770
512 771
121 772
695 773
284 774
750 775
47 776
499 777
477 778
459 779
643 780
538 781
617 782
223 783
70 784
594 785
545 786
159 787
387 788
135 789
407 790
551 791
676 792
107 793
635 794
490 795
199 796
588 797
775 798
465 799
226 800
544 801
483 802
137 803
223 804
631 805
20 806
588 807
644 808
695 809
129 810
636 811
674 812
791 813
34 814
798 815
329 816
736 817
740 818
471 819
220 820
471 821
310 822
794 823
822 824
361 825
258 826
808 827
674 828
476 829
787 830
705 831
113 832
349 833
390 834
458 835
771 836
725 837
753 838
644 839
669 840
354 841
245 842
299 843
323 844
591 845
591 846
284 847
117 848
489 849
245 850
336 851
377 852
509 853
594 854
403 855
132 856
459 857
844 858
272 859
343 860
153 861
421 862
614 863
208 864
202 865
85 866
501 867
673 868
110 869
19 870
524 871
699 872
570 873
112 874
506 875
447 876
529 877
790 878
359 879
803 880
91 881
330 882
133 883
338 884
870 885
541 886
135 887
84 888
9 889
841 890
719 891
370 892
786 893
18 894
413 895
119 896
129 897
206 898
433 899
222 900
342 901
332 902
845 903
416 904
438 905
351 906
899 907
682 908
6 909
656 910
92 911
653 912
565 913
712 914
813 915
786 916
528 917
452 918
534 919
682 920
664 921
217 922
374 923
351 924
539 925
145 926
261 927
16 928
226 929
478 930
361 931
751 932
270 933
434 934
589 935
565 936
507 937
791 938
787 939
693 940
257 941
691 942
135 943
673 944
846 945
441 946
46 947
727 948
81 949
587 950
468 951
685 952
426 953
54 954
918 955
528 956
870 957
453 958
823 959
395 960
852 961
489 962
745 963
810 964
360 965
594 966
105 967
574 968
789 969
185 970
922 971
640 972
786 973
323 974
157 975
0 976
584 977
830 978
968 979
147 980
930 981
798 982
417 983
579 984
103 985
205 986
953 987
129 988
120 989
946 990
952 991
937 992
465 993
757 994
533 995
146 996
604 997
652 998
246 999
794 767
1000 1000 216 60
768 208
43 632
102 483
391 841
460 871
418 807
474 643
91 687
407 360
16 344
979 403
152 966
448 244
175 594
12 584
80 132
792 475
764 894
958 507
87 770
378 505
929 205
500 21
892 907
733 908
252 712
663 756
30 463
1 557
57 365
141 489
497 933
964 613
179 274
472 619
44 202
124 326
407 625
699 652
884 432
912 488
144 576
245 527
39 246
84 449
963 578
938 812
863 255
777 43
881 249
662 278
803 138
604 563
115 303
215 0
735 127
488 231
55 85
758 447
683 195
896 646
773 186
458 636
441 235
31 323
836 45
601 992
184 557
555 651
860 122
651 595
601 492
178 657
577 937
104 261
484 352
259 257
538 70
893 980
305 277
655 494
322 608
486 858
165 393
510 377
867 513
324 468
5 502
477 935
791 581
548 275
285 159
884 824
229 778
156 887
407 163
381 729
123 219
588 640
964 450
17 831
963 341
651 969
195 129
256 987
62 156
614 348
315 499
524 545
629 32
432 36
195 165
765 318
736 705
958 700
155 975
883 119
668 534
440 215
15 48
202 78
204 169
778 519
668 654
416 297
686 848
333 881
365 450
199 101
508 509
801 15
836 36
486 856
571 278
71 938
326 626
16 882
795 146
754 463
800 170
112 838
371 797
719 736
247 270
838 107
131 991
123 967
28 609
823 951
240 247
889 566
873 258
801 668
404 555
483 557
77 595
395 448
392 467
185 991
737 375
451 869
366 574
188 394
535 364
345 127
611 587
46 484
845 847
504 601
754 339
510 831
286 906
280 30
725 817
21 814
192 824
35 558
398 224
305 286
588 2
413 199
589 459
35 434
658 891
388 412
230 898
244 516
156 524
546 881
341 919
696 885
744 83
795 494
307 100
132 247
455 546
798 44
357 185
831 16
76 219
780 306
469 24
822 626
900 720
859 593
640 907
478 384
991 274
230 650
726 363
898 181
909 48
578 618
234 761
986 310
332 767
617 801
143 791
779 44
512 639
989 152
546 468
888 889
94 118
540 172
481 790
354 742
838 284
713 424
45 699
735 377
818 704
178 962
847 958
358 711
949 347
215 495
815 103
737 261
574 277
434 407
67 140
150 257
424 863
34 469
914 121
846 733
825 376
47 24
686 405
736 635
752 951
483 920
407 220
533 981
849 967
740 268
107 890
877 883
105 911
352 372
32 550
457 209
927 504
234 965
261 322
953 365
273 436
637 680
8 171
13 209
490 754
477 598
996 354
833 454
266 186
826 298
88 635
508 367
139 94
333 752
416 286
117 41
74 755
74 434
926 87
643 416
193 120
366 542
474 200
348 92
738 174
743 826
161 251
194 652
697 879
404 113
165 521
154 591
628 580
25 906
20 668
323 213
140 41
107 966
593 455
59 683
981 802
862 142
405 56
794 102
935 198
567 452
72 73
43 700
654 420
607 674
440 282
239 580
675 347
546 621
154 957
304 136
759 166
630 516
574 425
970 861
975 537
313 399
963 708
452 617
128 59
643 568
693 882
148 720
581 47
693 736
4 998
224 116
516 854
632 443
631 955
304 959
492 970
358 807
678 810
424 159
221 419
727 266
302 228
987 235
627 680
323 983
30 547
99 899
754 84
694 737
39 998
696 883
320 55
691 999
217 467
510 439
887 589
57 541
169 396
128 796
429 452
780 459
351 231
710 457
667 404
195 58
755 891
294 75
298 337
426 516
804 936
307 43
526 716
936 695
113 65
492 542
869 624
353 572
207 64
30 227
820 225
637 575
468 283
651 767
620 77
635 777
14 294
172 892
10 109
587 123
526 431
17 395
407 371
967 615
435 349
194 607
574 831
183 395
115 186
514 87
615 149
864 981
795 37
873 805
498 461
281 24
244 298
771 652
669 738
619 456
440 813
64 14
996 599
761 463
137 275
551 752
424 767
86 219
156 959
377 654
772 658
678 17
308 449
21 978
540 640
786 980
453 850
346 449
801 108
265 938
383 816
43 160
935 129
731 92
440 460
746 213
118 777
582 427
578 603
757 118
595 543
450 48
746 149
849 547
257 114
838 992
282 881
504 218
362 588
310 802
48 408
367 519
185 301
298 764
256 55
234 851
950 685
251 696
834 453
596 443
919 786
787 202
19 644
772 381
584 434
535 632
842 255
503 380
556 801
144 165
856 378
368 807
415 620
855 601
73 451
396 344
589 536
546 608
532 670
989 116
456 877
100 299
132 604
679 688
405 175
205 614
905 574
773 673
194 628
274 619
432 23
963 21
559 862
630 443
884 971
559 341
848 11
640 980
615 671
21 21
198 578
987 103
152 760
776 698
740 403
317 172
426 633
546 337
847 176
132 731
499 691
72 348
702 64
680 670
87 53
43 285
632 30
741 784
142 517
835 882
272 152
55 50
137 601
739 984
129 871
68 628
914 140
328 969
205 361
639 644
414 34
930 398
64 671
535 206
540 370
88 813
874 495
215 12
448 955
348 577
826 416
558 741
557 238
62 114
599 701
758 366
735 40
116 151
63 651
709 604
21 149
769 896
645 336
908 93
291 608
23 470
25 933
563 934
171 625
48 123
678 158
841 413
551 957
916 614
609 625
218 630
774 339
878 771
676 138
217 319
747 592
789 772
525 352
706 48
977 106
171 655
616 364
420 167
322 336
782 931
313 352
913 440
44 792
211 720
930 428
391 677
20 181
801 897
885 507
946 863
965 469
870 582
834 643
749 156
979 883
439 645
236 704
85 280
496 296
352 779
77 743
808 449
276 610
347 162
469 293
25 787
762 247
369 596
890 470
104 222
354 543
867 590
248 304
222 96
600 574
875 29
669 36
479 946
646 826
108 467
119 485
254 233
732 975
830 975
446 286
197 800
182 416
742 430
720 964
878 672
890 106
702 559
142 181
505 140
7 965
607 478
450 214
711 535
189 893
862 635
180 411
787 362
827 881
144 899
845 374
923 87
480 625
647 622
158 504
762 517
470 722
995 272
936 59
159 125
952 21
113 484
432 900
198 611
782 694
862 979
69 786
67 549
763 66
524 922
570 286
439 392
8 787
665 296
846 176
422 150
198 535
635 630
787 185
594 921
232 456
253 301
242 320
202 6
738 726
928 660
365 719
53 725
506 70
22 704
246 444
855 796
331 842
427 470
27 21
392 611
477 645
912 72
317 467
78 55
545 358
67 910
429 120
636 936
542 10
640 141
806 847
937 137
689 716
607 69
89 351
680 919
348 945
991 665
412 421
72 957
131 140
220 560
612 856
496 155
218 489
648 24
336 937
161 378
654 120
447 95
824 127
14 172
72 357
838 836
778 262
794 909
402 366
822 15
222 670
522 440
159 522
816 848
459 977
226 113
449 673
561 273
152 575
446 577
933 636
413 63
898 559
973 653
925 795
668 499
465 542
291 977
64 107
177 875
436 755
341 886
428 902
511 932
477 309
509 762
945 923
826 196
482 151
849 760
298 869
259 115
411 551
92 827
10 621
702 447
376 43
333 156
945 196
89 775
506 598
537 451
873 363
999 708
514 848
468 812
717 727
928 480
630 372
659 641
994 362
88 722
757 773
879 55
969 968
830 475
918 367
279 792
83 278
500 597
127 968
762 196
47 690
29 678
414 688
319 760
50 759
483 160
884 362
215 853
682 45
681 600
764 960
744 847
590 244
797 717
564 559
266 612
601 295
642 367
983 313
128 386
72 611
546 308
973 113
161 655
510 194
607 626
154 352
826 745
948 623
814 513
534 432
477 487
727 119
854 63
784 982
449 208
593 347
516 918
812 677
925 322
872 533
948 378
237 126
475 185
749 642
50 635
74 527
122 802
998 977
217 782
311 18
990 905
717 858
175 529
888 101
203 112
986 503
490 223
630 318
408 379
960 811
367 34
338 489
188 689
466 405
823 130
423 814
35 140
24 562
669 912
663 224
24 1
728 867
224 358
185 985
89 145
796 456
531 486
946 720
175 764
477 999
894 901
165 281
393 189
844 415
454 859
639 478
213 367
345 789
725 882
774 167
379 922
623 911
761 921
983 936
686 460
287 932
361 804
566 107
994 762
522 800
973 161
278 186
881 976
976 958
858 102
125 590
25 749
501 786
22 836
74 60
296 362
345 10
518 911
117 864
673 639
664 998
152 943
185 33
271 161
992 481
615 469
71 640
570 924
778 593
760 853
653 57
567 998
419 85
261 536
950 934
527 614
933 679
909 470
65 532
983 409
14 598
878 437
239 449
362 369
394 474
222 47
531 141
398 950
579 659
838 881
946 365
847 231
397 757
701 814
641 684
575 655
282 453
445 873
254 159
243 648
633 817
48 517
959 446
819 890
457 658
771 403
375 618
634 124
727 335
290 369
19 865
376 654
671 173
527 925
332 122
926 966
940 974
483 251
772 302
141 229
312 912
633 40
882 267
164 962
955 455
331 326
672 59
980 343
233 860
269 917
982 195
883 922
521 718
525 293
21 666
522 685
930 507
725 165
775 242
127 82
49 458
408 721
869 389
65 454
601 686
372 583
233 607
1000 1000 666 554
0 1
1 2
2 3
3 4
2 5
1 6
4 7
4 8
3 9
2 10
5 11
0 12
8 13
0 14
3 15
9 16
9 17
2 18
0 19
16 20
7 21
5 22
0 23
4 24
2 25
0 26
7 27
26 28
6 29
12 30
5 31
8 32
8 33
25 34
29 35
15 36
17 37
5 38
7 39
10 40
9 41
13 42
4 43
21 44
8 45
12 46
4 47
32 48
25 49
1 50
37 51
42 52
4 53
37 54
22 55
50 56
12 57
2 58
31 59
51 60
26 61
9 62
59 63
58 64
43 65
42 66
37 67
5 68
63 69
65 70
44 71
3 72
5 73
7 74
20 75
25 76
45 77
31 78
36 79
48 80
64 81
52 82
27 83
9 84
60 85
38 86
12 87
58 88
59 89
33 90
33 91
63 92
67 93
29 94
66 95
89 96
15 97
17 98
46 99
22 100
87 101
26 102
78 103
95 104
102 105
104 106
15 107
89 108
27 109
4 110
106 111
22 112
39 113
69 114
108 115
21 116
75 117
16 118
9 119
42 120
39 121
35 122
37 123
82 124
51 125
123 126
23 127
111 128
0 129
110 130
40 131
103 132
112 133
82 134
59 135
11 136
36 137
103 138
115 139
43 140
116 141
45 142
87 143
109 144
97 145
57 146
75 147
100 148
2 149
89 150
19 151
141 152
33 153
28 154
109 155
54 156
130 157
151 158
141 159
98 160
14 161
32 162
149 163
97 164
41 165
118 166
99 167
61 168
12 169
3 170
58 171
152 172
4 173
136 174
75 175
111 176
84 177
15 178
38 179
2 180
156 181
48 182
8 183
167 184
165 185
146 186
9 187
174 188
187 189
136 190
51 191
137 192
149 193
82 194
162 195
173 196
184 197
117 198
177 199
9 200
149 201
7 202
20 203
8 204
49 205
20 206
166 207
44 208
41 209
109 210
93 211
142 212
210 213
116 214
197 215
19 216
113 217
163 218
172 219
66 220
103 221
17 222
101 223
30 224
118 225
147 226
146 227
32 228
119 229
7 230
39 231
154 232
149 233
63 234
76 235
97 236
196 237
177 238
25 239
167 240
17 241
186 242
3 243
205 244
128 245
102 246
158 247
237 248
125 249
203 250
186 251
95 252
250 253
198 254
241 255
127 256
146 257
254 258
184 259
188 260
27 261
129 262
16 263
10 264
232 265
204 266
138 267
145 268
159 269
9 270
180 271
30 272
246 273
119 274
54 275
215 276
20 277
77 278
176 279
169 280
86 281
85 282
219 283
198 284
149 285
103 286
277 287
169 288
80 289
85 290
277 291
239 292
266 293
288 294
262 295
26 296
33 297
124 298
206 299
174 300
120 301
252 302
105 303
98 304
138 305
121 306
289 307
217 308
79 309
274 310
289 311
94 312
175 313
9 314
65 315
311 316
234 317
217 318
111 319
238 320
10 321
278 322
251 323
88 324
122 325
82 326
92 327
174 328
272 329
216 330
10 331
136 332
96 333
38 334
29 335
279 336
248 337
3 338
81 339
245 340
194 341
102 342
125 343
237 344
64 345
251 346
94 347
300 348
198 349
211 350
37 351
59 352
15 353
296 354
289 355
61 356
86 357
198 358
267 359
106 360
16 361
333 362
125 363
142 364
95 365
309 366
197 367
82 368
339 369
290 370
30 371
150 372
328 373
90 374
120 375
326 376
222 377
114 378
246 379
185 380
255 381
171 382
281 383
177 384
215 385
350 386
51 387
213 388
237 389
267 390
235 391
78 392
391 393
269 394
165 395
359 396
100 397
129 398
262 399
41 400
205 401
312 402
309 403
174 404
173 405
397 406
227 407
395 408
316 409
407 410
363 411
109 412
280 413
361 414
52 415
282 416
187 417
270 418
247 419
27 420
96 421
20 422
348 423
57 424
351 425
313 426
127 427
303 428
92 429
277 430
96 431
362 432
263 433
158 434
76 435
399 436
107 437
369 438
398 439
62 440
421 441
142 442
143 443
405 444
74 445
313 446
11 447
248 448
289 449
259 450
384 451
30 452
28 453
264 454
79 455
265 456
348 457
335 458
211 459
224 460
347 461
227 462
427 463
97 464
324 465
11 466
270 467
144 468
75 469
30 470
289 471
425 472
240 473
292 474
192 475
224 476
54 477
76 478
107 479
122 480
100 481
68 482
293 483
206 484
113 485
25 486
297 487
58 488
110 489
0 490
58 491
438 492
282 493
438 494
146 495
30 496
304 497
137 498
487 499
101 500
13 501
327 502
125 503
250 504
488 505
91 506
231 507
393 508
358 509
248 510
49 511
196 512
3 513
310 514
286 515
439 516
306 517
0 518
269 519
86 520
217 521
257 522
441 523
376 524
161 525
190 526
473 527
427 528
512 529
327 530
344 531
33 532
125 533
367 534
466 535
242 536
388 537
271 538
531 539
19 540
206 541
138 542
479 543
190 544
450 545
447 546
3 547
42 548
245 549
382 550
192 551
387 552
436 553
330 554
531 555
544 556
150 557
462 558
257 559
428 560
15 561
366 562
67 563
82 564
43 565
162 566
72 567
331 568
214 569
473 570
543 571
240 572
408 573
169 574
314 575
180 576
219 577
53 578
72 579
215 580
442 581
392 582
71 583
302 584
442 585
33 586
241 587
287 588
529 589
383 590
501 591
496 592
531 593
472 594
16 595
547 596
251 597
435 598
501 599
553 600
466 601
101 602
140 603
516 604
12 605
214 606
193 607
29 608
512 609
111 610
503 611
161 612
39 613
488 614
219 615
513 616
123 617
205 618
503 619
76 620
366 621
286 622
89 623
161 624
256 625
66 626
317 627
293 628
278 629
419 630
156 631
120 632
26 633
44 634
10 635
602 636
31 637
523 638
367 639
533 640
490 641
196 642
388 643
307 644
97 645
148 646
594 647
51 648
123 649
484 650
435 651
199 652
258 653
487 654
493 655
489 656
126 657
459 658
349 659
295 660
275 661
32 662
393 663
84 664
206 665
163 666
34 667
546 668
384 669
559 670
32 671
378 672
603 673
395 674
312 675
626 676
663 677
159 678
16 679
21 680
460 681
146 682
283 683
526 684
123 685
98 686
398 687
469 688
273 689
577 690
256 691
144 692
277 693
589 694
273 695
498 696
485 697
573 698
512 699
427 700
454 701
115 702
126 703
566 704
105 705
592 706
370 707
517 708
216 709
52 710
438 711
9 712
610 713
671 714
544 715
58 716
234 717
356 718
150 719
137 720
667 721
261 722
395 723
512 724
267 725
447 726
86 727
92 728
546 729
253 730
553 731
367 732
334 733
221 734
313 735
260 736
691 737
48 738
594 739
699 740
587 741
585 742
56 743
178 744
585 745
523 746
491 747
388 748
74 749
193 750
312 751
220 752
692 753
344 754
616 755
32 756
158 757
554 758
435 759
569 760
532 761
585 762
586 763
542 764
319 765
724 766
396 767
238 768
601 769
753 770
346 771
48 772
352 773
272 774
185 775
246 776
572 777
85 778
605 779
735 780
161 781
690 782
369 783
273 784
158 785
251 786
84 787
6 788
659 789
466 790
100 791
448 792
604 793
250 794
730 795
598 796
632 797
367 798
301 799
450 800
504 801
568 802
658 803
616 804
30 805
596 806
172 807
247 808
52 809
414 810
484 811
106 812
692 813
316 814
361 815
39 816
464 817
308 818
204 819
476 820
720 821
493 822
301 823
366 824
318 825
668 826
487 827
507 828
201 829
247 830
641 831
706 832
460 833
557 834
538 835
320 836
147 837
452 838
212 839
767 840
823 841
22 842
369 843
805 844
29 845
426 846
473 847
764 848
626 849
412 850
433 851
795 852
509 853
133 854
614 855
484 856
752 857
130 858
823 859
471 860
205 861
426 862
619 863
415 864
238 865
864 866
752 867
410 868
374 869
687 870
595 871
289 872
44 873
596 874
10 875
625 876
630 877
861 878
478 879
543 880
384 881
786 882
532 883
76 884
665 885
270 886
407 887
629 888
766 889
629 890
837 891
778 892
229 893
45 894
251 895
758 896
498 897
413 898
796 899
82 900
602 901
248 902
860 903
577 904
140 905
880 906
614 907
867 908
95 909
884 910
174 911
131 912
306 913
815 914
564 915
173 916
217 917
432 918
809 919
436 920
183 921
344 922
747 923
491 924
36 925
750 926
333 927
901 928
534 929
535 930
426 931
501 932
901 933
489 934
316 935
134 936
224 937
527 938
237 939
671 940
650 941
534 942
938 943
475 944
282 945
631 946
166 947
599 948
607 949
907 950
929 951
863 952
655 953
938 954
179 955
213 956
4 957
679 958
929 959
276 960
240 961
700 962
134 963
557 964
609 965
550 966
731 967
303 968
893 969
836 970
865 971
206 972
273 973
549 974
928 975
468 976
968 977
58 978
298 979
48 980
341 981
692 982
537 983
554 984
414 985
774 986
701 987
552 988
389 989
45 990
618 991
659 992
88 993
124 994
162 995
791 996
221 997
775 998
65 999
944 35
1000 1000 538 76
677 230
176 537
302 58
0 110
751 183
662 858
652 40
818 488
512 573
512 779
454 471
28 17
390 369
675 686
404 32
609 82
262 786
971 916
196 324
27 948
859 689
158 863
81 976
703 945
901 215
77 707
686 457
725 428
827 400
467 231
784 76
665 46
862 989
963 411
313 342
359 172
31 869
35 464
197 738
410 98
305 487
805 344
944 882
772 123
283 239
355 419
668 20
466 882
9 781
293 674
475 4
198 858
873 585
322 70
675 84
520 981
571 678
325 868
560 449
991 195
41 698
615 709
71 433
591 432
566 237
459 41
241 657
899 467
243 221
889 918
658 410
251 229
88 576
449 0
26 793
196 419
843 811
128 914
596 71
699 162
308 158
555 902
167 454
369 410
27 258
681 685
20 932
267 460
861 68
461 239
861 657
658 57
820 786
323 768
209 22
930 518
532 837
420 700
291 141
110 670
751 143
356 772
76 975
232 289
43 693
528 257
702 314
874 324
637 642
885 660
924 403
544 761
175 244
404 316
707 75
68 850
783 840
278 758
424 567
801 470
447 58
524 985
724 399
661 362
41 547
374 318
950 918
79 126
163 836
794 870
911 862
72 694
54 351
804 479
270 605
301 718
16 825
703 740
224 365
454 618
264 828
936 214
747 367
692 262
203 487
484 466
701 908
512 756
259 316
587 530
274 888
600 642
65 655
734 290
372 189
260 636
369 548
851 468
915 895
82 471
734 566
289 436
475 802
544 86
470 483
968 96
723 568
738 788
576 825
430 948
366 690
585 735
238 788
556 506
683 638
329 770
557 618
558 384
772 454
470 595
937 791
691 12
711 782
800 287
607 583
236 325
273 821
60 864
961 968
370 996
607 51
766 164
21 676
548 794
130 370
741 419
161 784
431 873
566 584
160 525
167 396
850 440
569 263
304 530
231 26
527 190
77 645
354 99
322 254
245 452
625 338
224 786
122 655
11 41
239 172
918 406
920 769
199 842
384 503
372 967
882 251
158 311
249 864
410 571
119 7
375 96
345 951
234 820
607 246
861 846
418 779
605 690
900 804
532 636
659 905
604 541
508 114
853 757
978 615
680 449
975 408
897 672
359 132
492 318
378 353
517 148
485 122
838 385
926 371
22 937
628 978
831 136
444 36
246 774
651 278
224 978
38 473
651 398
605 143
716 983
849 233
483 334
707 322
719 985
693 93
923 673
423 754
161 867
142 407
642 145
38 218
124 76
691 775
474 297
270 543
632 119
128 116
805 836
790 877
173 483
970 96
508 746
202 669
613 696
77 255
842 467
473 966
543 165
93 370
814 363
265 446
835 393
914 640
581 704
517 107
539 840
555 47
586 110
717 199
806 146
807 648
613 632
614 508
149 59
878 963
423 143
762 610
889 676
250 822
733 120
929 624
960 485
672 546
595 741
97 401
239 904
402 204
537 16
712 686
76 943
2 851
438 764
461 679
792 63
502 877
183 783
502 495
268 526
393 215
619 491
969 858
747 371
414 636
739 478
675 167
773 29
18 212
793 831
891 937
247 745
815 430
529 669
278 149
195 671
365 814
162 686
24 262
57 438
250 796
268 925
964 42
954 334
254 99
518 497
389 765
243 204
195 772
225 825
921 420
497 638
234 11
324 610
273 733
48 524
882 668
801 198
710 108
532 964
559 402
462 948
167 705
504 715
829 729
540 750
149 37
741 735
49 65
697 674
799 745
550 33
766 704
231 476
812 763
441 371
166 255
672 685
312 176
400 141
906 941
243 407
330 984
495 379
402 192
406 553
290 956
586 56
660 817
532 824
932 325
548 450
932 220
488 596
748 888
89 6
181 333
414 512
669 261
243 423
453 1
328 95
958 266
151 970
435 36
147 368
713 695
170 998
267 658
594 15
899 684
22 80
369 788
944 390
49 540
814 854
541 494
950 851
761 453
174 196
841 321
916 555
368 87
553 987
97 499
2 996
183 376
429 552
516 725
943 565
265 109
772 807
955 74
10 716
527 184
913 721
505 181
628 225
620 181
212 718
680 567
66 216
943 847
120 460
573 63
377 838
524 149
997 832
575 360
548 103
544 813
176 402
995 804
627 615
337 840
685 17
407 104
585 702
951 706
514 876
121 892
67 998
393 64
830 321
424 378
776 321
544 952
723 891
756 350
506 93
542 544
462 949
648 48
4 951
754 518
828 875
762 895
873 508
311 55
829 88
434 605
409 978
557 132
221 665
834 727
758 377
623 220
678 623
268 682
575 374
553 403
602 667
650 827
175 961
883 356
49 669
313 810
999 222
942 220
887 777
299 645
506 923
218 184
546 838
219 121
213 772
876 167
439 526
994 967
840 229
323 889
898 989
52 897
211 994
117 99
123 417
96 981
692 314
166 238
153 737
712 718
509 940
885 300
819 231
619 659
461 295
900 359
284 952
609 495
299 78
946 774
847 43
756 539
357 274
130 862
11 194
580 872
134 465
524 305
49 144
316 510
439 217
221 75
521 182
570 820
261 517
947 108
912 703
0 269
977 482
132 988
676 64
860 162
882 384
468 931
880 784
793 319
353 366
394 875
549 317
47 162
186 994
622 98
697 622
719 26
104 203
366 132
268 226
295 150
963 115
433 195
251 226
867 605
592 261
832 493
930 231
655 468
226 278
918 275
900 990
654 357
193 20
489 813
599 136
315 914
251 748
109 503
326 976
460 919
590 644
412 520
875 420
341 453
698 611
729 950
601 383
307 147
403 149
960 354
285 628
268 889
728 378
744 55
354 204
326 944
848 90
817 75
510 158
529 208
769 258
159 723
993 466
870 748
967 182
103 253
810 723
142 891
101 886
946 456
442 272
752 642
714 569
717 225
79 246
433 201
856 944
924 201
763 146
302 730
328 757
335 491
480 477
382 582
715 680
390 157
304 142
151 18
64 869
243 495
467 29
696 324
325 972
877 88
470 179
171 151
936 506
642 769
984 376
351 51
408 93
561 712
587 712
730 651
581 326
147 401
707 195
725 32
168 954
473 638
134 644
789 422
150 783
191 486
511 894
919 339
451 983
927 163
66 578
97 744
725 498
451 273
575 835
441 529
308 431
15 304
573 790
455 708
333 293
220 580
183 491
919 634
827 846
150 893
425 247
637 502
97 440
127 24
275 568
905 936
352 921
240 925
63 47
633 396
341 205
976 524
697 896
159 524
94 309
769 871
908 758
726 5
198 853
29 825
774 934
113 126
207 354
51 270
401 36
19 94
242 995
619 291
243 130
167 690
439 936
561 699
694 287
704 892
141 85
69 267
371 183
393 931
889 796
201 290
832 572
737 426
920 356
717 163
486 884
853 277
172 767
976 866
54 32
110 547
469 180
814 840
715 559
771 604
355 325
246 540
249 983
318 169
339 36
333 177
272 454
445 305
782 663
712 814
126 611
635 658
426 476
373 337
599 977
45 276
575 585
526 559
903 47
250 291
380 428
916 271
234 713
928 369
376 640
535 854
252 171
512 30
999 885
367 950
214 412
227 790
349 105
701 605
152 951
248 885
731 164
508 318
877 436
39 606
429 574
460 681
745 973
63 96
210 782
47 777
547 626
919 248
83 620
853 235
923 102
472 7
618 332
325 496
769 364
454 198
290 914
231 388
239 646
484 802
428 883
579 327
509 498
576 592
470 781
180 393
883 4
400 854
337 77
350 106
793 156
656 436
422 239
824 662
885 308
816 665
192 395
993 53
245 921
646 715
702 178
460 938
182 213
792 871
290 494
329 436
650 985
872 72
576 696
86 461
356 254
479 900
1 824
954 246
745 952
313 799
482 126
737 16
339 881
888 981
727 217
417 377
555 641
802 131
689 240
945 46
847 424
298 848
600 604
447 345
908 760
496 390
238 586
407 577
467 647
559 195
864 328
924 419
970 78
551 659
671 848
57 518
272 356
718 872
960 165
569 221
278 65
611 516
651 370
94 471
17 5
18 234
333 294
653 655
725 556
315 396
404 724
266 28
80 984
252 393
150 821
614 780
239 577
296 242
300 390
65 669
747 83
903 81
730 909
88 455
817 403
203 222
128 469
602 560
805 855
305 955
28 271
735 619
849 384
214 501
126 279
170 874
715 426
307 445
335 395
252 152
151 455
726 279
924 681
191 729
536 497
37 916
768 124
536 969
508 750
822 635
381 345
861 96
771 168
893 458
563 145
962 714
600 689
345 876
722 889
958 258
738 347
526 858
823 414
828 332
516 2
319 898
347 532
346 118
700 240
928 615
737 891
682 690
580 379
566 302
268 876
912 358
223 790
217 47
205 397
731 721
399 402
971 99
286 318
217 986
910 146
953 999
37 987
689 969
719 256
623 339
484 887
698 60
677 915
459 234
312 542
308 63
296 279
162 582
949 380
920 211
878 873
211 267
213 900
588 932
508 563
271 345
450 969
405 479
884 864
66 548
406 374
612 702
5 774
284 307
506 556
870 736
429 81
3 994
334 943
926 194
506 198
539 308
167 296
140 404
160 206
952 918
580 564
972 585
339 608
1000 1000 700 634
0 1
1 2
1 3
2 4
3 5
3 6
4 7
2 8
8 9
7 10
9 11
7 12
5 13
6 14
10 15
0 16
13 17
2 18
6 19
17 20
5 21
7 22
16 23
6 24
9 25
18 26
24 27
12 28
11 29
10 30
20 31
9 32
14 33
20 34
31 35
15 36
25 37
6 38
6 39
34 40
24 41
5 42
27 43
4 44
7 45
12 46
46 47
28 48
16 49
45 50
27 51
16 52
48 53
0 54
54 55
55 56
43 57
55 58
44 59
19 60
39 61
50 62
38 63
20 64
9 65
24 66
44 67
19 68
30 69
52 70
33 71
7 72
4 73
56 74
64 75
36 76
37 77
72 78
23 79
40 80
45 81
77 82
38 83
83 84
50 85
70 86
11 87
15 88
44 89
76 90
26 91
85 92
34 93
18 94
89 95
22 96
62 97
13 98
86 99
1 100
1 101
36 102
39 103
56 104
63 105
56 106
72 107
34 108
83 109
86 110
7 111
13 112
34 113
34 114
68 115
58 116
108 117
52 118
70 119
31 120
15 121
0 122
91 123
57 124
9 125
24 126
26 127
77 128
12 129
8 130
57 131
19 132
87 133
46 134
31 135
98 136
55 137
60 138
113 139
118 140
137 141
116 142
49 143
111 144
126 145
15 146
89 147
12 148
66 149
37 150
58 151
23 152
35 153
84 154
150 155
128 156
73 157
12 158
71 159
9 160
157 161
149 162
24 163
120 164
102 165
96 166
32 167
120 168
133 169
40 170
72 171
43 172
81 173
70 174
21 175
76 176
63 177
174 178
77 179
103 180
44 181
80 182
141 183
78 184
169 185
63 186
117 187
78 188
158 189
37 190
50 191
10 192
132 193
166 194
11 195
140 196
31 197
151 198
182 199
8 200
53 201
96 202
140 203
136 204
58 205
120 206
107 207
26 208
60 209
51 210
122 211
97 212
178 213
12 214
206 215
69 216
171 217
182 218
218 219
178 220
55 221
46 222
13 223
72 224
82 225
165 226
173 227
150 228
150 229
156 230
137 231
111 232
123 233
48 234
56 235
103 236
125 237
172 238
54 239
206 240
14 241
222 242
117 243
238 244
135 245
75 246
0 247
165 248
115 249
118 250
213 251
98 252
79 253
44 254
103 255
79 256
216 257
22 258
168 259
163 260
245 261
108 262
57 263
149 264
40 265
204 266
84 267
31 268
125 269
197 270
13 271
215 272
266 273
263 274
79 275
54 276
102 277
110 278
250 279
37 280
129 281
35 282
111 283
71 284
195 285
100 286
50 287
163 288
152 289
113 290
179 291
187 292
120 293
224 294
140 295
83 296
18 297
164 298
106 299
163 300
66 301
26 302
8 303
17 304
124 305
164 306
14 307
90 308
110 309
54 310
138 311
99 312
118 313
130 314
110 315
258 316
111 317
130 318
12 319
303 320
295 321
318 322
319 323
159 324
77 325
129 326
53 327
87 328
243 329
315 330
187 331
161 332
16 333
48 334
282 335
159 336
139 337
87 338
44 339
141 340
276 341
170 342
188 343
318 344
276 345
10 346
30 347
200 348
101 349
41 350
267 351
73 352
248 353
329 354
107 355
196 356
171 357
61 358
19 359
106 360
279 361
217 362
134 363
222 364
289 365
82 366
270 367
14 368
10 369
145 370
14 371
328 372
48 373
63 374
233 375
247 376
26 377
320 378
238 379
231 380
272 381
72 382
72 383
21 384
15 385
142 386
72 387
293 388
350 389
253 390
18 391
286 392
199 393
294 394
106 395
189 396
39 397
35 398
97 399
242 400
172 401
201 402
123 403
30 404
375 405
378 406
134 407
40 408
381 409
348 410
334 411
398 412
217 413
288 414
284 415
393 416
14 417
187 418
413 419
64 420
267 421
132 422
334 423
410 424
239 425
372 426
18 427
413 428
260 429
144 430
313 431
276 432
27 433
240 434
292 435
384 436
153 437
209 438
171 439
125 440
102 441
133 442
279 443
29 444
8 445
354 446
192 447
26 448
27 449
260 450
229 451
415 452
131 453
210 454
162 455
45 456
330 457
278 458
183 459
286 460
438 461
184 462
456 463
332 464
386 465
37 466
121 467
258 468
454 469
384 470
110 471
225 472
411 473
434 474
9 475
319 476
159 477
112 478
365 479
301 480
15 481
336 482
332 483
392 484
216 485
45 486
436 487
235 488
291 489
88 490
463 491
31 492
335 493
106 494
386 495
406 496
96 497
215 498
450 499
120 500
400 501
420 502
50 503
191 504
40 505
164 506
356 507
435 508
368 509
104 510
391 511
449 512
271 513
166 514
369 515
210 516
514 517
387 518
402 519
350 520
403 521
55 522
242 523
45 524
10 525
191 526
407 527
232 528
90 529
171 530
316 531
464 532
179 533
36 534
104 535
62 536
381 537
498 538
258 539
250 540
56 541
302 542
15 543
463 544
442 545
453 546
479 547
540 548
352 549
271 550
340 551
359 552
51 553
438 554
272 555
77 556
538 557
61 558
558 559
315 560
245 561
514 562
409 563
538 564
442 565
543 566
76 567
254 568
27 569
82 570
503 571
515 572
541 573
336 574
97 575
478 576
147 577
538 578
199 579
34 580
25 581
315 582
5 583
277 584
282 585
400 586
163 587
259 588
567 589
492 590
527 591
577 592
315 593
558 594
128 595
26 596
34 597
116 598
228 599
558 600
381 601
528 602
418 603
462 604
444 605
416 606
218 607
343 608
551 609
415 610
236 611
524 612
263 613
327 614
271 615
77 616
462 617
198 618
91 619
136 620
338 621
551 622
7 623
74 624
323 625
330 626
110 627
386 628
456 629
538 630
38 631
198 632
24 633
598 634
118 635
98 636
475 637
189 638
576 639
19 640
149 641
372 642
503 643
120 644
72 645
212 646
256 647
276 648
345 649
304 650
3 651
19 652
469 653
411 654
78 655
415 656
26 657
306 658
101 659
378 660
208 661
62 662
328 663
223 664
659 665
461 666
344 667
627 668
633 669
502 670
309 671
610 672
653 673
336 674
621 675
411 676
145 677
213 678
200 679
307 680
455 681
171 682
501 683
308 684
140 685
299 686
294 687
277 688
364 689
59 690
94 691
516 692
586 693
104 694
315 695
464 696
329 697
433 698
653 699
99 700
614 701
300 702
297 703
416 704
227 705
481 706
218 707
653 708
606 709
64 710
233 711
528 712
703 713
278 714
689 715
453 716
575 717
104 718
596 719
567 720
190 721
222 722
201 723
469 724
589 725
494 726
628 727
515 728
81 729
181 730
95 731
179 732
36 733
539 734
108 735
564 736
121 737
181 738
125 739
21 740
671 741
445 742
231 743
487 744
269 745
646 746
127 747
660 748
423 749
675 750
395 751
279 752
419 753
586 754
97 755
648 756
186 757
663 758
204 759
684 760
209 761
164 762
202 763
608 764
301 765
587 766
253 767
712 768
500 769
453 770
101 771
555 772
651 773
47 774
228 775
637 776
620 777
567 778
274 779
43 780
511 781
355 782
209 783
168 784
669 785
73 786
594 787
120 788
505 789
491 790
273 791
411 792
748 793
58 794
296 795
749 796
394 797
27 798
279 799
601 800
399 801
293 802
91 803
186 804
82 805
655 806
787 807
515 808
791 809
566 810
71 811
269 812
765 813
15 814
529 815
257 816
664 817
184 818
560 819
447 820
353 821
48 822
327 823
411 824
229 825
657 826
81 827
62 828
516 829
318 830
679 831
336 832
380 833
513 834
30 835
804 836
122 837
825 838
510 839
327 840
651 841
60 842
284 843
683 844
539 845
289 846
429 847
548 848
181 849
161 850
798 851
747 852
231 853
351 854
446 855
499 856
23 857
359 858
551 859
442 860
227 861
407 862
110 863
147 864
794 865
526 866
284 867
651 868
276 869
560 870
81 871
198 872
834 873
522 874
752 875
34 876
163 877
23 878
467 879
283 880
673 881
749 882
193 883
315 884
120 885
883 886
582 887
700 888
200 889
353 890
427 891
570 892
892 893
728 894
144 895
43 896
288 897
77 898
815 899
821 900
396 901
318 902
34 903
872 904
874 905
579 906
749 907
874 908
581 909
216 910
621 911
561 912
703 913
654 914
181 915
563 916
687 917
602 918
845 919
402 920
65 921
921 922
345 923
603 924
664 925
514 926
525 927
717 928
666 929
803 930
492 931
285 932
836 933
899 934
759 935
732 936
68 937
717 938
903 939
53 940
939 941
903 942
542 943
460 944
873 945
377 946
642 947
770 948
364 949
194 950
866 951
747 952
592 953
475 954
387 955
320 956
770 957
67 958
821 959
958 960
759 961
681 962
949 963
375 964
913 965
270 966
218 967
659 968
721 969
673 970
361 971
546 972
357 973
920 974
669 975
685 976
164 977
973 978
285 979
71 980
307 981
169 982
846 983
670 984
633 985
643 986
395 987
439 988
759 989
137 990
116 991
664 992
285 993
105 994
762 995
647 996
633 997
109 998
391 999
533 168
1000 1000 169 455
97 728
830 582
326 588
469 69
887 121
247 942
29 328
836 733
926 136
227 654
70 684
662 813
94 657
63 980
177 513
816 275
594 646
209 272
234 31
341 474
152 588
768 181
917 956
266 195
92 493
850 163
178 512
976 624
521 392
956 50
257 124
677 851
123 887
475 709
270 816
535 422
757 303
955 26
260 574
221 352
67 71
867 597
583 196
222 456
588 530
507 845
655 184
49 778
423 524
839 45
693 375
819 450
30 775
476 290
701 697
995 768
121 214
718 56
410 940
513 998
822 372
196 477
908 245
607 332
121 799
377 814
174 197
264 556
324 92
847 25
142 194
145 263
408 215
671 171
507 184
521 330
908 717
159 817
314 767
149 788
566 878
602 92
427 219
648 103
311 847
480 805
393 978
420 154
193 92
325 701
276 846
31 537
916 190
354 582
309 503
370 227
733 973
671 513
544 672
616 207
871 97
13 265
427 433
419 620
877 96
673 506
942 704
43 210
247 397
793 908
252 163
488 985
488 511
850 32
183 467
240 55
916 605
672 343
390 91
315 268
187 989
774 481
45 817
692 644
566 837
905 818
0 393
155 841
904 6
225 440
473 465
847 741
422 519
436 165
610 751
433 149
740 559
982 138
728 26
782 294
863 687
112 216
432 267
57 689
273 282
129 98
100 976
191 874
847 627
39 809
379 824
310 471
383 292
609 111
319 744
757 534
431 869
102 864
489 159
553 114
794 34
565 246
362 756
120 209
736 160
18 115
984 328
938 720
972 900
183 643
644 941
530 427
162 632
643 651
792 548
766 938
582 683
184 296
439 304
505 175
816 875
642 153
555 933
873 880
185 56
523 829
349 53
608 512
686 252
163 830
800 281
768 735
964 952
31 756
608 889
283 425
116 278
930 24
563 803
904 748
211 427
577 561
833 537
73 519
789 588
701 942
870 469
677 186
773 60
294 733
949 930
510 418
208 440
442 771
595 346
871 807
125 800
720 958
337 793
829 127
381 530
421 603
351 98
142 476
158 436
210 460
718 720
878 926
513 672
49 108
18 920
915 143
72 635
102 410
780 931
889 514
814 310
117 165
408 611
642 918
400 852
730 118
924 960
397 437
632 798
898 650
71 165
146 143
153 248
553 933
531 442
799 345
752 269
863 512
880 505
431 280
709 513
751 985
474 148
775 106
946 673
757 369
838 903
513 343
503 66
277 386
861 76
84 965
697 947
478 578
804 261
210 513
774 961
498 248
461 625
707 760
298 464
129 489
719 994
832 574
413 461
960 274
890 44
239 587
343 69
165 147
682 728
660 457
689 511
57 503
136 764
263 787
580 744
276 651
739 460
225 152
922 538
426 812
934 17
399 278
439 917
425 121
645 438
578 686
301 988
189 789
104 452
928 685
549 556
336 288
17 914
440 291
804 218
455 738
235 206
368 674
123 146
148 120
584 78
807 237
66 348
378 171
153 307
856 702
863 544
990 232
810 430
523 614
0 978
705 235
185 73
262 660
219 762
781 155
840 940
744 907
288 123
78 793
430 286
495 645
182 837
878 345
619 401
311 619
732 16
207 917
442 469
577 661
231 710
71 2
913 330
643 36
760 436
466 398
284 464
933 121
342 278
741 743
589 360
475 958
567 744
400 388
674 413
971 736
582 395
739 496
725 382
884 838
170 703
236 454
167 576
509 799
669 604
741 381
432 699
301 176
99 689
202 512
13 939
447 408
678 295
485 412
179 323
582 882
912 37
49 433
965 910
585 986
515 326
367 947
25 668
123 476
710 326
340 723
617 787
483 295
82 320
707 614
644 641
496 908
30 898
693 347
808 278
333 323
604 53
270 981
73 746
457 783
424 150
858 41
289 693
688 724
14 395
338 10
388 834
918 419
732 611
766 893
890 452
216 494
505 487
476 578
585 285
714 9
435 924
402 725
618 90
449 632
837 139
642 225
973 560
644 58
523 763
951 413
215 519
260 720
358 88
650 943
725 364
304 513
289 706
590 907
148 391
891 985
530 533
211 855
93 207
913 968
970 216
734 537
736 346
257 94
786 908
390 511
624 694
24 265
753 614
524 901
357 415
887 887
948 450
743 393
9 8
362 332
225 96
869 961
794 127
407 580
387 797
91 363
844 468
629 597
434 153
498 792
569 737
679 869
539 422
263 549
431 977
881 8
425 750
321 219
229 728
799 616
878 242
332 722
710 961
671 145
466 289
35 259
968 905
150 743
520 699
526 497
932 534
922 683
207 493
264 287
292 233
165 534
565 239
597 526
910 94
992 432
383 380
691 703
637 193
446 157
893 324
6 825
210 280
860 417
773 477
705 417
710 870
951 275
110 900
153 372
994 497
804 377
229 847
81 218
41 879
727 286
204 733
111 414
13 324
832 138
801 889
555 863
759 859
490 221
759 995
594 106
844 750
483 74
598 916
292 991
148 20
277 352
105 740
118 471
416 302
609 217
191 517
432 951
376 922
524 487
917 470
593 762
221 429
188 171
697 832
162 845
204 439
549 662
179 668
133 596
970 94
165 162
611 950
465 339
872 341
179 142
812 124
256 385
553 796
556 251
628 718
448 185
509 998
847 40
666 332
988 988
426 506
502 390
456 319
81 680
661 612
822 825
737 430
210 642
226 118
245 207
188 694
744 49
692 943
89 710
275 430
50 53
936 553
795 392
872 229
72 885
841 247
62 930
29 624
573 608
742 818
815 282
864 911
331 908
854 773
618 481
203 669
534 139
574 330
883 798
911 307
684 752
906 98
683 936
723 608
544 817
426 711
100 643
622 783
551 828
556 170
309 759
191 843
250 117
525 485
915 788
793 951
541 699
50 576
987 125
184 531
942 962
594 394
605 568
178 157
396 86
679 705
198 222
901 448
339 778
286 606
567 79
558 460
130 960
36 470
85 572
353 379
534 948
126 492
516 304
649 913
742 680
970 940
254 223
741 945
2 27
551 921
106 461
381 588
421 769
58 858
341 764
590 227
712 716
71 580
372 72
845 114
752 816
55 358
391 796
303 393
823 855
666 281
316 399
221 738
168 632
948 861
396 538
441 460
606 512
40 978
585 886
445 689
54 852
48 445
0 351
191 175
206 209
456 875
609 29
965 129
661 913
991 409
804 784
869 410
296 910
741 233
148 186
923 554
390 323
351 390
674 894
565 233
104 373
108 713
402 73
842 416
338 185
825 142
969 695
905 618
957 646
203 457
184 126
11 574
801 362
964 476
257 881
61 361
254 426
656 594
620 72
932 158
250 75
127 945
332 97
254 978
301 711
514 779
722 440
581 84
756 409
693 637
470 406
891 991
832 899
585 805
324 517
963 574
944 442
871 628
540 125
958 193
836 472
972 558
264 905
994 20
666 40
657 136
446 900
127 631
800 64
788 476
934 751
50 230
193 921
859 85
46 817
630 234
642 955
144 906
860 138
927 527
530 936
15 329
837 495
960 989
559 100
465 845
851 867
76 396
788 935
834 186
104 464
420 746
419 564
653 632
54 932
511 585
868 526
266 57
373 226
398 933
678 863
130 529
82 206
277 870
493 111
408 598
928 828
696 347
744 349
331 799
633 842
736 502
721 2
559 94
580 310
379 258
173 510
139 608
716 416
830 562
880 239
160 808
419 208
507 164
558 839
315 191
681 403
45 402
405 957
849 337
267 228
947 792
738 86
400 807
854 231
369 734
822 881
894 241
89 402
405 999
241 72
543 274
475 940
29 880
897 878
569 164
106 516
309 197
954 709
4 809
292 725
895 114
958 790
356 399
544 113
399 137
186 294
411 661
234 440
894 132
670 815
648 777
332 957
326 286
19 330
447 663
407 695
778 365
837 486
764 381
951 515
518 489
161 281
151 396
74 397
880 744
212 880
873 896
190 199
535 209
881 982
872 288
677 2
5 866
840 770
247 792
637 117
281 799
399 784
547 473
533 427
569 746
307 443
642 497
994 529
58 228
512 283
516 541
637 522
408 478
644 7
622 633
125 255
784 524
392 331
349 925
758 270
23 418
65 18
267 60
547 326
288 411
961 156
953 598
30 713
428 26
72 402
660 197
10 444
73 402
776 774
679 886
45 55
656 110
73 924
522 620
602 162
384 563
319 689
513 701
402 294
728 826
696 740
24 58
184 449
460 312
224 492
551 621
547 207
83 972
483 606
944 85
120 328
0 439
17 866
493 771
160 221
598 856
961 974
267 497
775 727
162 999
571 713
972 470
272 56
442 756
14 387
193 134
67 194
926 85
60 419
208 220
992 158
428 305
132 695
154 908
775 316
259 698
381 584
6 640
963 762
6 350
307 492
770 501
418 207
913 189
415 485
181 574
266 838
58 313
993 318
440 661
930 139
395 514
660 401
506 623
515 512
326 822
4 96
676 775
303 589
964 70
427 498
644 693
688 55
6 33
373 447
695 303
938 442
817 598
195 675
573 710
187 899
884 544
995 560
319 650
502 635
721 929
485 717
622 174
124 980
207 498
427 254
153 717
696 323
315 891
998 241
953 538
140 838
1000 1000 508 415
0 1
1 2
2 3
0 4
0 5
1 6
6 7
2 8
0 9
3 10
2 11
1 12
12 13
1 14
10 15
3 16
2 17
11 18
9 19
2 20
9 21
6 22
6 23
10 24
14 25
3 26
19 27
14 28
1 29
22 30
2 31
16 32
21 33
22 34
25 35
24 36
35 37
32 38
4 39
25 40
28 41
36 42
7 43
1 44
32 45
2 46
40 47
3 48
26 49
18 50
0 51
11 52
21 53
28 54
3 55
4 56
38 57
40 58
54 59
25 60
13 61
36 62
8 63
16 64
4 65
39 66
53 67
60 68
59 69
44 70
14 71
53 72
5 73
56 74
3 75
53 76
48 77
1 78
65 79
9 80
42 81
17 82
77 83
44 84
8 85
81 86
80 87
14 88
29 89
68 90
23 91
60 92
55 93
42 94
4 95
10 96
1 97
42 98
76 99
85 100
6 101
14 102
71 103
50 104
34 105
51 106
89 107
90 108
36 109
14 110
5 111
46 112
34 113
13 114
107 115
90 116
56 117
84 118
107 119
52 120
92 121
48 122
1 123
70 124
46 125
8 126
36 127
87 128
54 129
113 130
70 131
94 132
57 133
129 134
13 135
28 136
100 137
90 138
93 139
96 140
127 141
112 142
37 143
108 144
86 145
54 146
132 147
83 148
103 149
69 150
39 151
78 152
112 153
146 154
119 155
105 156
103 157
157 158
144 159
137 160
116 161
0 162
8 163
32 164
107 165
72 166
96 167
159 168
134 169
34 170
43 171
96 172
19 173
92 174
75 175
152 176
116 177
147 178
6 179
101 180
168 181
141 182
56 183
114 184
33 185
60 186
128 187
59 188
165 189
165 190
173 191
54 192
23 193
162 194
38 195
79 196
196 197
35 198
9 199
184 200
115 201
71 202
56 203
46 204
58 205
31 206
78 207
176 208
72 209
56 210
125 211
38 212
84 213
32 214
97 215
144 216
133 217
58 218
6 219
136 220
193 221
164 222
151 223
108 224
69 225
104 226
86 227
100 228
130 229
126 230
161 231
151 232
122 233
82 234
69 235
219 236
219 237
44 238
40 239
237 240
79 241
161 242
159 243
191 244
241 245
101 246
150 247
106 248
104 249
72 250
61 251
109 252
57 253
142 254
34 255
242 256
67 257
217 258
57 259
92 260
17 261
94 262
172 263
153 264
250 265
233 266
236 267
96 268
104 269
149 270
50 271
27 272
117 273
44 274
15 275
148 276
146 277
1 278
120 279
232 280
106 281
152 282
54 283
162 284
154 285
241 286
51 287
69 288
146 289
147 290
131 291
196 292
292 293
261 294
11 295
129 296
193 297
297 298
63 299
144 300
5 301
195 302
223 303
237 304
13 305
116 306
85 307
16 308
150 309
182 310
231 311
188 312
79 313
103 314
278 315
205 316
134 317
37 318
290 319
239 320
238 321
54 322
226 323
93 324
23 325
156 326
92 327
284 328
106 329
35 330
287 331
85 332
30 333
5 334
182 335
76 336
113 337
111 338
207 339
307 340
73 341
212 342
308 343
90 344
106 345
66 346
225 347
111 348
179 349
20 350
183 351
320 352
95 353
51 354
112 355
236 356
274 357
265 358
44 359
114 360
139 361
223 362
115 363
190 364
64 365
203 366
33 367
174 368
21 369
191 370
176 371
101 372
359 373
243 374
370 375
226 376
83 377
84 378
302 379
352 380
329 381
104 382
22 383
57 384
161 385
56 386
0 387
247 388
232 389
215 390
211 391
173 392
43 393
10 394
22 395
245 396
98 397
279 398
229 399
57 400
86 401
7 402
319 403
254 404
368 405
32 406
37 407
365 408
338 409
61 410
368 411
325 412
127 413
348 414
96 415
97 416
113 417
59 418
186 419
283 420
202 421
299 422
351 423
291 424
318 425
391 426
336 427
326 428
150 429
322 430
16 431
377 432
226 433
365 434
382 435
367 436
414 437
201 438
119 439
98 440
299 441
348 442
307 443
391 444
68 445
31 446
402 447
413 448
258 449
346 450
177 451
377 452
428 453
230 454
352 455
102 456
149 457
347 458
31 459
20 460
438 461
7 462
133 463
383 464
146 465
279 466
150 467
56 468
185 469
327 470
464 471
382 472
286 473
472 474
108 475
62 476
160 477
357 478
361 479
384 480
157 481
400 482
459 483
294 484
475 485
18 486
396 487
156 488
428 489
390 490
76 491
65 492
50 493
351 494
55 495
363 496
29 497
114 498
155 499
129 500
266 501
259 502
123 503
149 504
488 505
88 506
153 507
389 508
183 509
276 510
79 511
242 512
446 513
285 514
438 515
431 516
267 517
180 518
80 519
33 520
365 521
111 522
71 523
355 524
260 525
275 526
47 527
31 528
432 529
498 530
220 531
179 532
331 533
201 534
372 535
443 536
400 537
443 538
186 539
280 540
278 541
386 542
397 543
132 544
355 545
96 546
530 547
427 548
325 549
234 550
140 551
258 552
222 553
157 554
225 555
497 556
450 557
285 558
338 559
190 560
84 561
164 562
147 563
443 564
2 565
335 566
519 567
546 568
441 569
455 570
95 571
397 572
61 573
218 574
307 575
239 576
63 577
542 578
416 579
524 580
367 581
489 582
448 583
563 584
120 585
179 586
153 587
49 588
463 589
220 590
49 591
448 592
332 593
398 594
593 595
35 596
266 597
140 598
556 599
341 600
292 601
337 602
117 603
539 604
257 605
314 606
123 607
569 608
204 609
191 610
249 611
443 612
449 613
219 614
306 615
587 616
51 617
301 618
557 619
476 620
558 621
337 622
520 623
137 624
488 625
161 626
59 627
324 628
43 629
147 630
415 631
521 632
240 633
346 634
372 635
423 636
614 637
70 638
400 639
248 640
542 641
137 642
269 643
293 644
47 645
358 646
584 647
638 648
255 649
255 650
216 651
483 652
384 653
494 654
22 655
44 656
250 657
529 658
191 659
360 660
332 661
542 662
323 663
579 664
281 665
549 666
449 667
18 668
171 669
399 670
403 671
556 672
515 673
60 674
79 675
117 676
669 677
503 678
128 679
81 680
413 681
102 682
295 683
395 684
258 685
337 686
639 687
623 688
175 689
327 690
75 691
124 692
412 693
163 694
500 695
651 696
598 697
202 698
644 699
327 700
570 701
42 702
607 703
205 704
699 705
108 706
641 707
442 708
447 709
532 710
181 711
648 712
399 713
22 714
209 715
427 716
448 717
128 718
61 719
255 720
214 721
82 722
471 723
627 724
422 725
291 726
358 727
543 728
270 729
714 730
241 731
706 732
618 733
365 734
734 735
442 736
372 737
64 738
87 739
478 740
386 741
49 742
280 743
532 744
229 745
87 746
114 747
300 748
530 749
614 750
703 751
697 752
592 753
225 754
386 755
712 756
753 757
538 758
115 759
247 760
229 761
545 762
559 763
238 764
640 765
238 766
59 767
735 768
114 769
170 770
133 771
350 772
744 773
444 774
711 775
659 776
116 777
684 778
276 779
757 780
342 781
87 782
255 783
1 784
61 785
316 786
655 787
224 788
727 789
481 790
480 791
195 792
368 793
536 794
714 795
161 796
384 797
268 798
720 799
19 800
683 801
538 802
49 803
699 804
372 805
421 806
338 807
361 808
560 809
78 810
688 811
520 812
13 813
531 814
460 815
476 816
162 817
460 818
589 819
0 820
162 821
162 822
327 823
42 824
250 825
682 826
568 827
570 828
657 829
553 830
656 831
471 832
224 833
355 834
301 835
57 836
21 837
787 838
256 839
656 840
703 841
482 842
785 843
517 844
548 845
361 846
353 847
441 848
327 849
717 850
377 851
755 852
10 853
3 854
600 855
132 856
388 857
596 858
752 859
532 860
113 861
132 862
577 863
277 864
268 865
482 866
558 867
348 868
719 869
88 870
809 871
570 872
93 873
124 874
533 875
654 876
670 877
68 878
585 879
484 880
70 881
817 882
145 883
628 884
793 885
354 886
777 887
54 888
747 889
461 890
14 891
192 892
34 893
665 894
165 895
251 896
163 897
742 898
492 899
482 900
320 901
695 902
438 903
809 904
421 905
403 906
551 907
124 908
221 909
573 910
681 911
580 912
780 913
304 914
119 915
755 916
837 917
315 918
723 919
477 920
668 921
357 922
332 923
888 924
728 925
750 926
626 927
456 928
675 929
356 930
815 931
279 932
71 933
459 934
285 935
76 936
844 937
184 938
486 939
15 940
299 941
665 942
419 943
824 944
845 945
290 946
882 947
449 948
252 949
866 950
677 951
598 952
884 953
213 954
304 955
948 956
753 957
592 958
546 959
188 960
655 961
564 962
955 963
278 964
286 965
924 966
655 967
2 968
867 969
721 970
360 971
96 972
838 973
883 974
950 975
389 976
797 977
364 978
418 979
111 980
879 981
915 982
694 983
660 984
789 985
130 986
553 987
663 988
640 989
398 990
892 991
856 992
343 993
119 994
147 995
693 996
165 997
205 998
342 999
743 889
1000 1000 574 200
473 375
777 135
156 517
978 259
303 121
339 12
241 991
155 948
580 199
76 387
466 231
612 881
16 631
624 257
689 476
731 416
253 866
924 123
196 184
697 499
657 36
864 250
28 371
199 960
570 627
347 388
858 311
269 227
942 246
836 983
722 567
751 328
785 676
451 981
212 148
833 869
537 697
119 917
420 670
877 343
298 576
731 508
887 353
735 181
599 572
165 321
491 916
1 277
944 804
258 156
305 443
377 842
140 497
759 913
167 636
256 817
212 987
326 451
692 413
632 291
337 149
965 829
66 318
458 362
123 68
871 428
512 248
270 4
745 29
917 265
17 173
82 581
513 760
32 557
174 664
849 511
814 166
692 232
484 150
946 607
219 817
35 731
66 657
735 163
38 5
780 55
178 863
636 43
975 20
601 149
685 802
13 851
968 705
435 452
208 381
412 427
199 447
510 617
105 597
780 495
602 561
551 133
776 539
528 751
560 129
253 597
283 266
800 251
323 587
56 531
968 468
310 519
267 820
488 724
418 269
220 372
182 123
505 310
662 34
413 515
666 523
151 284
675 402
608 262
810 491
583 630
802 454
898 622
943 622
392 564
194 765
746 317
622 408
332 8
821 258
524 840
134 675
476 809
429 436
72 592
928 655
222 730
109 120
352 404
95 97
968 641
862 66
959 484
474 643
493 648
901 369
840 35
396 668
197 177
105 269
769 33
276 992
115 737
464 819
142 911
916 462
553 778
529 864
615 355
507 460
355 760
181 547
796 577
216 345
754 673
614 876
58 242
868 173
331 332
992 825
596 261
288 149
39 169
13 6
876 520
466 232
280 999
131 428
576 699
773 683
372 739
559 782
333 779
307 665
463 652
490 59
913 778
208 304
299 221
311 176
93 129
408 726
129 891
506 57
591 280
92 963
371 651
98 705
430 405
370 246
57 860
305 970
991 514
275 290
87 938
466 533
67 226
259 548
118 765
958 709
397 50
24 769
702 122
826 484
880 196
730 937
408 388
908 751
254 535
42 341
473 860
226 892
439 837
441 909
955 399
618 704
801 994
825 855
469 651
340 349
199 422
286 608
810 546
711 64
81 105
758 554
966 336
799 757
174 240
666 481
991 636
185 144
630 11
0 99
662 340
800 214
114 87
822 277
633 885
341 67
991 451
973 957
788 772
66 314
12 732
795 355
368 332
500 350
343 500
450 358
192 250
572 658
689 746
935 675
631 277
742 622
80 715
931 220
488 997
534 852
81 681
560 449
14 412
800 709
912 602
419 456
204 991
114 246
89 50
921 73
679 15
47 759
82 331
332 570
680 866
775 762
900 335
563 266
99 715
975 363
669 395
819 874
738 285
472 180
335 393
253 366
760 652
478 842
983 810
765 664
28 540
778 280
227 341
546 678
409 522
41 78
269 860
304 359
497 776
539 185
521 144
551 281
797 381
124 780
543 241
796 572
133 204
712 268
751 390
677 625
431 107
894 643
412 253
492 188
145 677
62 289
581 343
86 962
819 219
506 60
367 430
545 294
634 257
562 385
647 591
362 430
50 608
425 462
214 918
3 359
595 65
648 528
760 87
491 580
658 349
992 25
131 538
319 765
147 233
503 147
176 865
577 227
826 355
689 40
273 44
399 220
109 399
749 870
838 592
802 496
293 794
874 424
684 193
189 832
779 44
979 955
262 908
182 88
615 224
480 888
268 231
461 730
630 562
952 821
506 754
669 799
900 543
223 585
89 764
769 868
809 100
823 423
8 358
511 976
582 991
216 202
222 677
932 204
591 884
377 97
638 47
896 891
942 471
828 31
236 597
251 397
697 427
820 57
785 683
33 719
26 250
921 600
279 854
156 871
90 534
320 81
581 569
972 875
40 800
907 628
397 510
377 446
937 197
855 74
232 889
793 258
491 715
210 770
921 367
993 11
901 314
92 834
235 416
709 275
568 968
256 317
479 633
763 768
183 619
843 415
860 636
26 703
703 236
473 624
603 819
988 856
485 432
690 720
201 752
995 769
72 603
87 903
237 202
672 772
821 867
187 33
503 565
736 559
154 562
535 109
381 523
966 218
308 8
938 509
760 285
278 833
889 365
736 478
920 760
250 93
627 789
127 131
707 215
42 861
129 577
970 510
453 936
80 761
945 18
270 57
304 900
890 545
618 979
23 538
739 625
631 367
766 110
850 473
326 892
686 455
821 657
318 274
945 398
35 242
769 657
300 73
558 542
970 176
873 345
66 613
970 697
332 736
808 182
562 486
426 248
293 247
257 611
874 203
362 909
797 131
567 97
556 477
992 526
5 865
223 71
830 193
120 162
281 280
696 195
118 474
444 412
74 53
375 948
256 89
857 406
220 776
855 128
605 847
6 610
65 229
33 895
774 506
410 408
786 458
603 257
933 399
669 7
453 44
955 61
486 164
467 706
293 323
187 898
522 193
509 587
775 894
835 549
400 597
957 539
55 913
796 988
312 465
347 765
861 654
179 347
171 646
406 464
321 945
362 844
490 223
783 265
118 618
167 870
215 124
409 623
389 205
963 702
22 663
819 236
317 998
935 488
997 693
952 670
638 667
866 129
890 650
746 8
620 913
231 188
390 640
811 779
198 126
481 220
789 301
808 107
651 96
947 0
789 252
671 780
919 537
909 809
187 655
170 160
569 401
348 959
393 511
738 591
637 572
164 427
225 972
886 876
68 833
877 210
437 548
990 356
437 899
518 977
906 688
137 827
441 837
138 834
348 229
778 337
801 942
116 26
914 2
254 335
188 131
545 625
31 535
982 821
786 852
798 44
892 935
872 333
772 10
519 120
239 297
809 392
239 926
418 506
928 25
841 468
508 738
94 540
273 428
361 411
280 511
455 172
446 327
857 218
690 728
690 281
26 851
674 617
777 444
123 58
469 316
526 330
54 972
870 679
752 583
90 384
446 546
908 892
225 117
462 267
846 504
549 872
355 223
489 133
19 965
191 841
281 69
171 336
42 393
15 146
328 106
531 774
4 791
666 581
909 480
849 755
984 398
979 339
973 820
472 344
785 15
185 67
85 708
755 479
101 770
977 429
228 860
555 584
652 573
166 561
53 367
668 37
117 647
377 442
467 201
786 605
217 324
24 654
32 779
485 486
901 462
267 482
323 823
66 975
396 584
888 450
951 556
839 420
555 216
862 374
770 649
979 339
973 3
993 357
782 478
843 36
292 111
518 967
934 936
942 682
521 182
484 824
90 324
597 645
892 459
372 662
460 351
1 433
707 346
143 841
176 986
877 821
449 395
788 735
684 83
418 557
265 254
381 356
578 330
353 823
790 725
837 250
429 191
36 136
537 179
977 66
517 207
887 319
954 675
54 638
758 824
195 376
79 929
84 9
259 437
832 49
515 670
300 296
861 688
432 750
867 761
168 736
968 55
55 923
83 110
561 841
934 109
217 365
38 301
375 297
91 207
699 958
229 351
254 442
39 38
545 258
151 713
994 120
121 402
395 204
864 308
45 150
417 615
516 455
268 891
105 359
450 804
317 32
155 923
826 194
961 371
804 465
437 798
585 558
552 332
762 416
640 159
567 58
774 83
865 395
326 970
754 776
126 424
160 633
699 987
827 13
358 631
478 795
782 63
705 334
395 467
103 387
979 670
797 105
753 663
500 431
985 255
559 112
31 720
745 730
707 925
743 417
908 221
565 42
636 622
729 383
90 832
771 421
502 568
526 607
583 27
390 569
634 949
33 665
669 130
395 728
407 491
498 668
64 415
710 701
37 791
436 479
623 207
900 477
128 427
436 63
454 826
984 88
776 369
105 797
500 852
878 259
343 376
927 408
143 990
461 180
781 897
12 757
457 912
234 937
691 671
0 497
497 337
937 625
706 42
423 558
895 301
818 590
29 97
350 172
439 163
704 221
61 716
978 870
981 564
807 672
587 159
522 85
496 459
710 555
854 485
113 749
786 283
691 167
733 394
339 172
557 396
745 970
464 75
840 445
640 999
470 227
511 992
664 359
803 727
914 657
212 380
758 351
15 450
518 748
196 210
273 753
606 18
76 422
446 916
868 86
268 690
665 131
34 682
490 189
761 757
847 973
489 605
676 504
407 547
605 955
757 878
709 715
248 785
137 694
53 357
132 673
399 150
804 433
832 647
623 945
404 822
270 893
779 947
749 187
494 354
142 603
584 203
670 833
340 807
527 746
517 12
419 916
162 576
702 346
223 677
291 979
499 561
224 278
508 973
817 354
680 312
309 264
515 979
449 208
139 329
954 656
341 725
924 503
653 626
849 876
303 140
207 154
53 431
433 914
757 250
268 789
914 930
53 782
909 855
990 48
184 296
56 525
373 981
28 27
607 229
255 263
721 463
417 774
246 202
40 355
805 309
144 719
239 550
501 500
405 843
549 589
139 605
466 513
938 846
892 898
75 147
161 148
962 930
274 561
133 315
268 938
976 765
657 567
667 511
67 72
354 968
13 494
926 479
359 864
325 603
762 752
102 275
900 417
206 526
330 691
841 598
629 817
1000 1000 96 146
0 1
0 2
1 3
0 4
4 5
2 6
1 7
3 8
3 9
8 10
1 11
5 12
7 13
3 14
6 15
13 16
10 17
10 18
12 19
11 20
0 21
9 22
1 23
1 24
2 25
17 26
19 27
19 28
13 29
1 30
8 31
29 32
24 33
3 34
12 35
28 36
33 37
12 38
13 39
33 40
20 41
16 42
23 43
31 44
15 45
4 46
30 47
13 48
20 49
26 50
2 51
8 52
7 53
25 54
20 55
43 56
15 57
43 58
58 59
7 60
48 61
7 62
4 63
51 64
57 65
32 66
63 67
5 68
32 69
63 70
15 71
25 72
44 73
26 74
38 75
44 76
61 77
25 78
17 79
47 80
0 81
32 82
42 83
12 84
55 85
40 86
36 87
28 88
65 89
1 90
22 91
47 92
40 93
50 94
16 95
23 96
75 97
49 98
94 99
55 100
79 101
23 102
64 103
3 104
82 105
27 106
81 107
90 108
100 109
16 110
100 111
30 112
106 113
98 114
78 115
8 116
9 117
114 118
55 119
11 120
62 121
28 122
99 123
8 124
80 125
32 126
52 127
103 128
107 129
107 130
113 131
50 132
4 133
55 134
95 135
100 136
2 137
42 138
37 139
39 140
97 141
0 142
137 143
108 144
132 145
3 146
24 147
34 148
63 149
101 150
93 151
93 152
102 153
115 154
19 155
121 156
50 157
71 158
86 159
28 160
12 161
112 162
13 163
143 164
76 165
44 166
46 167
44 168
29 169
72 170
1 171
10 172
148 173
108 174
67 175
172 176
142 177
114 178
96 179
109 180
145 181
79 182
6 183
148 184
11 185
159 186
73 187
161 188
182 189
67 190
148 191
147 192
30 193
70 194
39 195
142 196
121 197
68 198
93 199
134 200
139 201
113 202
182 203
155 204
158 205
164 206
154 207
169 208
40 209
51 210
167 211
192 212
40 213
174 214
128 215
98 216
71 217
150 218
70 219
104 220
6 221
59 222
208 223
96 224
134 225
112 226
75 227
42 228
201 229
107 230
202 231
33 232
61 233
102 234
106 235
212 236
205 237
56 238
106 239
11 240
92 241
71 242
149 243
22 244
102 245
103 246
147 247
183 248
176 249
234 250
217 251
55 252
112 253
9 254
74 255
138 256
31 257
85 258
71 259
82 260
117 261
161 262
204 263
123 264
130 265
38 266
15 267
208 268
21 269
89 270
188 271
145 272
9 273
162 274
16 275
240 276
127 277
166 278
13 279
124 280
57 281
235 282
140 283
189 284
206 285
101 286
238 287
188 288
86 289
184 290
170 291
139 292
160 293
160 294
188 295
232 296
268 297
166 298
216 299
282 300
9 301
262 302
68 303
281 304
116 305
45 306
217 307
208 308
175 309
127 310
155 311
143 312
237 313
288 314
201 315
298 316
183 317
264 318
54 319
142 320
245 321
6 322
193 323
42 324
299 325
133 326
201 327
139 328
77 329
297 330
237 331
110 332
19 333
191 334
88 335
237 336
31 337
286 338
264 339
260 340
305 341
142 342
112 343
305 344
14 345
332 346
194 347
334 348
270 349
303 350
161 351
45 352
136 353
177 354
183 355
269 356
115 357
182 358
166 359
194 360
348 361
354 362
28 363
184 364
342 365
29 366
208 367
44 368
23 369
65 370
256 371
221 372
56 373
277 374
320 375
344 376
271 377
191 378
304 379
122 380
130 381
102 382
213 383
15 384
164 385
212 386
261 387
216 388
201 389
123 390
75 391
321 392
136 393
171 394
38 395
322 396
248 397
329 398
280 399
130 400
65 401
278 402
233 403
356 404
392 405
367 406
20 407
390 408
147 409
1 410
210 411
4 412
220 413
79 414
223 415
337 416
240 417
267 418
316 419
150 420
182 421
110 422
341 423
367 424
110 425
297 426
187 427
229 428
331 429
237 430
358 431
171 432
7 433
348 434
55 435
382 436
32 437
68 438
296 439
173 440
326 441
33 442
360 443
70 444
391 445
372 446
403 447
122 448
95 449
89 450
215 451
324 452
286 453
79 454
107 455
136 456
355 457
317 458
165 459
215 460
90 461
139 462
327 463
447 464
160 465
87 466
48 467
216 468
269 469
72 470
120 471
202 472
435 473
186 474
166 475
275 476
61 477
329 478
306 479
254 480
180 481
59 482
233 483
409 484
453 485
179 486
479 487
150 488
386 489
145 490
305 491
469 492
170 493
87 494
401 495
418 496
455 497
60 498
236 499
31 500
152 501
360 502
227 503
111 504
415 505
193 506
56 507
153 508
133 509
357 510
391 511
461 512
47 513
17 514
290 515
408 516
113 517
260 518
71 519
281 520
13 521
232 522
492 523
435 524
207 525
430 526
74 527
96 528
483 529
342 530
217 531
499 532
480 533
188 534
96 535
26 536
485 537
443 538
24 539
30 540
349 541
348 542
348 543
198 544
320 545
365 546
269 547
394 548
223 549
297 550
546 551
232 552
378 553
188 554
17 555
520 556
498 557
479 558
117 559
45 560
362 561
260 562
228 563
61 564
198 565
328 566
252 567
294 568
532 569
45 570
524 571
502 572
381 573
511 574
202 575
305 576
443 577
495 578
540 579
518 580
105 581
85 582
560 583
485 584
184 585
361 586
426 587
4 588
466 589
211 590
66 591
334 592
236 593
471 594
205 595
300 596
297 597
421 598
518 599
287 600
289 601
189 602
30 603
473 604
263 605
211 606
316 607
328 608
24 609
320 610
58 611
407 612
45 613
35 614
526 615
350 616
61 617
442 618
405 619
265 620
336 621
579 622
585 623
273 624
335 625
592 626
207 627
100 628
43 629
400 630
377 631
265 632
552 633
525 634
230 635
215 636
580 637
14 638
186 639
551 640
400 641
609 642
130 643
599 644
270 645
54 646
510 647
211 648
75 649
444 650
224 651
234 652
55 653
319 654
338 655
544 656
589 657
159 658
187 659
592 660
262 661
612 662
49 663
577 664
164 665
225 666
107 667
382 668
15 669
263 670
390 671
110 672
372 673
225 674
13 675
236 676
394 677
217 678
638 679
414 680
255 681
606 682
387 683
544 684
532 685
506 686
325 687
373 688
384 689
575 690
543 691
575 692
572 693
240 694
511 695
614 696
365 697
67 698
57 699
641 700
638 701
701 702
158 703
401 704
103 705
548 706
532 707
66 708
552 709
319 710
25 711
112 712
607 713
323 714
277 715
320 716
218 717
280 718
82 719
223 720
705 721
209 722
88 723
98 724
302 725
561 726
108 727
415 728
279 729
37 730
102 731
92 732
665 733
401 734
45 735
243 736
310 737
719 738
70 739
152 740
369 741
42 742
666 743
497 744
123 745
654 746
584 747
637 748
600 749
160 750
661 751
678 752
588 753
483 754
727 755
385 756
0 757
755 758
620 759
2 760
704 761
67 762
356 763
506 764
562 765
739 766
610 767
497 768
21 769
589 770
147 771
57 772
96 773
267 774
653 775
344 776
26 777
754 778
336 779
149 780
142 781
669 782
295 783
756 784
36 785
566 786
682 787
93 788
296 789
658 790
269 791
536 792
122 793
192 794
30 795
505 796
40 797
728 798
188 799
788 800
788 801
709 802
162 803
36 804
318 805
511 806
219 807
669 808
430 809
384 810
522 811
96 812
121 813
76 814
212 815
420 816
196 817
310 818
707 819
159 820
285 821
0 822
736 823
112 824
634 825
78 826
347 827
178 828
478 829
429 830
272 831
613 832
828 833
207 834
123 835
682 836
350 837
706 838
665 839
471 840
41 841
820 842
437 843
478 844
426 845
512 846
522 847
314 848
49 849
659 850
588 851
442 852
755 853
733 854
744 855
214 856
281 857
732 858
743 859
490 860
644 861
789 862
638 863
286 864
450 865
395 866
476 867
326 868
343 869
92 870
519 871
804 872
826 873
498 874
288 875
422 876
349 877
662 878
693 879
802 880
555 881
570 882
527 883
866 884
317 885
856 886
183 887
807 888
29 889
324 890
71 891
108 892
670 893
196 894
27 895
620 896
17 897
70 898
86 899
771 900
753 901
327 902
827 903
371 904
146 905
413 906
332 907
84 908
172 909
626 910
360 911
824 912
163 913
788 914
313 915
775 916
147 917
713 918
385 919
520 920
69 921
183 922
804 923
235 924
233 925
438 926
919 927
230 928
884 929
626 930
603 931
428 932
297 933
784 934
399 935
425 936
313 937
239 938
517 939
434 940
752 941
873 942
120 943
803 944
743 945
101 946
907 947
669 948
155 949
373 950
68 951
194 952
215 953
238 954
799 955
305 956
282 957
494 958
842 959
326 960
850 961
649 962
789 963
360 964
270 965
92 966
116 967
791 968
797 969
457 970
535 971
502 972
203 973
48 974
260 975
705 976
81 977
748 978
499 979
10 980
572 981
748 982
771 983
428 984
904 985
111 986
240 987
257 988
428 989
735 990
604 991
660 992
903 993
82 994
50 995
869 996
272 997
829 998
618 999
292 93
1000 1000 867 207
433 323
644 747
560 528
705 450
886 237
526 922
132 131
117 813
745 68
537 292
195 269
93 364
202 301
8 647
884 715
81 559
360 180
119 240
885 570
478 475
448 400
959 580
620 428
745 365
848 282
9 43
551 102
407 105
755 768
105 639
483 186
550 195
718 670
436 955
592 914
430 40
667 741
972 287
169 717
4 18
351 13
413 254
115 821
712 870
941 817
862 424
355 412
972 73
434 760
28 26
26 811
67 693
552 39
332 74
109 336
92 812
349 505
67 816
678 779
39 619
596 253
396 303
17 368
376 452
480 756
830 506
919 897
200 824
289 884
898 750
221 342
562 922
199 629
91 230
760 130
201 708
735 597
11 752
317 739
556 149
496 739
656 415
636 856
591 277
92 489
27 313
183 590
588 383
571 679
613 332
161 166
40 248
116 52
352 785
791 261
935 639
0 591
407 988
799 998
266 891
488 645
557 23
235 145
406 807
176 371
491 689
538 531
937 654
935 289
439 727
550 374
718 902
317 125
891 116
124 157
8 964
802 917
987 390
414 746
549 590
117 40
631 7
923 568
13 859
209 805
938 112
179 656
14 849
782 905
965 258
414 325
574 569
242 561
959 656
659 508
598 777
900 229
136 823
149 150
682 711
955 620
823 486
629 189
335 763
447 653
21 861
978 595
782 221
508 741
877 520
601 476
649 501
57 785
325 207
287 359
918 242
980 93
81 961
282 768
724 81
421 97
295 400
44 77
621 904
819 850
424 772
678 73
274 736
859 599
295 498
310 213
93 290
306 174
603 940
942 327
22 364
776 669
116 820
746 89
725 917
939 149
690 970
575 964
706 786
915 1
284 225
566 377
868 224
551 823
164 846
151 538
562 279
207 30
100 306
119 177
223 410
326 265
380 253
581 438
39 496
791 324
74 357
53 294
581 957
117 98
803 620
636 717
900 196
747 352
502 866
529 77
628 207
343 9
461 924
447 500
773 591
176 199
948 230
493 882
187 962
980 342
583 616
411 835
164 158
187 666
376 716
744 4
923 87
365 384
363 165
237 136
756 765
335 704
995 180
586 534
143 918
228 78
887 639
265 51
149 452
70 525
520 814
882 795
253 599
180 616
764 769
105 520
886 792
577 234
325 515
768 820
434 997
250 321
988 515
724 138
319 794
663 839
960 897
634 213
497 166
182 261
287 639
134 174
783 711
408 108
226 528
928 660
877 178
333 866
45 58
4 364
204 19
555 165
917 190
730 766
708 264
379 996
903 513
522 687
224 930
147 803
458 76
463 336
606 149
202 652
559 558
16 763
577 924
280 846
114 11
612 822
275 992
170 531
857 692
570 82
974 717
885 785
793 700
473 752
201 675
404 760
585 772
876 162
696 156
9 162
519 621
337 147
965 859
678 823
552 248
257 878
965 494
663 111
546 136
863 748
163 619
860 748
743 736
911 792
245 272
306 116
245 643
263 211
503 293
386 407
541 995
285 859
841 949
322 739
437 537
839 601
508 700
349 251
788 612
395 385
236 702
502 482
697 117
45 552
411 783
959 304
778 597
163 971
898 837
62 335
374 902
936 882
954 638
486 742
602 881
128 839
935 982
321 633
99 718
537 510
501 497
167 631
446 330
602 344
168 664
31 894
918 968
777 872
958 263
615 912
496 95
751 432
429 424
417 528
142 954
391 995
803 558
626 249
240 580
945 760
597 977
655 515
297 784
388 607
47 355
519 543
802 623
327 231
47 96
111 542
51 854
889 206
764 516
808 357
96 753
117 693
82 124
561 379
908 949
986 307
656 858
203 458
481 530
41 880
627 504
422 30
711 312
236 475
180 44
832 628
150 302
322 232
426 235
964 335
536 302
642 192
160 845
2 641
728 395
522 707
899 296
737 610
960 325
438 140
722 270
769 224
572 443
808 351
678 772
38 214
427 32
758 587
878 760
581 958
155 455
17 406
751 754
369 64
431 807
204 505
429 325
729 354
120 538
57 150
662 95
716 441
127 474
29 357
586 962
315 93
417 332
852 168
438 221
232 222
380 789
727 161
466 457
515 587
347 572
737 361
667 806
803 795
280 184
504 219
146 820
312 563
504 164
83 295
737 316
517 117
457 596
631 923
405 146
862 752
71 600
466 90
406 269
237 38
453 742
257 951
562 922
514 418
438 597
65 528
265 582
997 74
179 628
998 584
775 860
689 198
812 155
288 570
776 526
961 581
268 570
532 182
492 398
952 283
347 18
811 965
600 808
39 131
437 389
68 564
602 757
762 414
264 402
337 392
928 298
973 196
868 857
730 713
607 683
996 954
701 159
919 653
319 311
785 756
700 205
672 654
962 786
421 578
189 758
970 469
408 295
18 628
152 748
341 111
783 689
65 484
848 337
138 168
0 275
276 52
480 301
707 794
439 128
724 628
886 694
450 646
341 468
274 845
568 616
956 352
657 21
836 506
710 326
26 710
953 654
763 433
307 470
579 747
950 303
727 836
349 177
482 690
997 756
535 566
724 491
918 382
865 754
240 575
433 618
638 386
272 753
172 580
575 751
327 525
55 406
361 404
584 195
447 581
303 982
147 28
826 417
762 691
172 2
618 957
620 256
343 244
361 515
176 936
619 855
461 674
262 174
430 198
369 877
779 25
212 279
405 38
696 167
81 220
521 699
177 493
308 873
89 669
740 266
606 359
121 419
385 735
594 168
933 963
397 65
340 609
344 745
999 392
264 80
613 785
780 142
630 440
367 720
109 108
338 67
819 811
487 557
547 81
77 480
396 474
897 737
436 241
834 435
634 99
516 599
236 648
93 219
88 461
939 549
921 629
969 740
440 456
649 987
889 726
820 637
201 69
726 989
311 561
424 297
12 292
248 248
292 341
467 732
802 758
282 723
387 251
816 180
59 465
519 300
544 691
937 745
761 664
734 72
225 510
721 589
155 321
837 447
662 657
180 817
767 814
892 507
417 708
687 476
526 206
776 70
898 65
167 659
729 253
83 306
763 804
895 918
125 85
718 139
742 898
956 861
712 201
368 129
261 55
957 787
262 85
209 160
150 728
171 232
981 254
538 97
410 786
367 887
871 85
378 965
983 687
826 47
888 547
176 149
602 485
289 216
570 850
728 73
579 899
305 560
505 195
657 915
981 25
154 204
462 533
521 446
220 700
845 108
247 374
257 201
859 898
418 782
749 146
855 328
398 512
240 903
707 250
171 41
627 325
597 89
858 119
535 78
819 733
538 418
107 148
619 966
46 37
748 795
536 955
475 934
467 716
837 175
966 8
568 593
334 165
682 544
284 570
623 455
303 161
873 410
309 845
728 708
882 829
855 418
784 331
704 252
399 542
779 717
902 699
310 588
864 344
133 501
266 756
956 921
269 182
683 931
27 412
639 261
241 494
32 377
177 736
981 576
630 760
293 533
459 955
121 676
652 254
177 918
362 485
840 984
19 875
915 46
287 906
660 880
400 692
610 930
428 591
858 59
352 152
944 163
459 65
839 111
672 368
30 34
854 222
18 873
97 285
272 737
191 284
969 944
976 579
874 756
171 732
167 875
236 111
38 696
529 230
807 201
950 189
235 156
411 606
382 861
891 654
598 83
290 567
27 266
147 253
374 670
337 542
545 574
5 935
622 534
517 429
735 468
971 323
624 734
281 358
595 172
364 545
607 654
465 986
920 964
239 647
634 577
189 179
503 546
466 125
81 984
906 168
804 877
843 780
964 124
139 911
297 503
457 904
158 274
243 430
238 482
77 872
411 618
403 914
165 221
39 598
205 298
766 9
527 610
790 491
734 281
403 383
784 860
640 294
134 883
77 724
717 506
948 129
125 351
43 642
572 435
240 130
85 358
491 612
320 281
104 55
914 507
790 699
719 430
345 205
665 774
929 383
281 229
512 758
580 907
400 504
694 992
986 779
350 478
744 671
111 848
78 26
707 220
77 778
651 774
335 316
549 616
699 830
845 563
588 777
471 340
633 517
332 620
297 34
450 393
57 561
241 487
939 300
708 16
430 711
143 765
379 692
733 431
522 578
994 462
707 817
802 340
335 486
312 984
872 762
377 282
676 970
121 615
622 829
984 52
892 127
169 624
171 902
55 693
832 401
155 539
571 309
879 258
147 544
594 19
658 323
301 334
293 423
302 915
604 638
319 849
117 488
473 288
742 880
333 574
281 488
113 204
149 344
462 296
888 56
315 547
379 969
233 24
744 887
291 700
525 610
549 994
450 22
282 192
254 615
118 536
455 583
740 604
928 555
900 168
611 568
67 343
889 653
367 633
540 11
333 418
621 235
412 424
609 47
968 864
662 87
752 470
670 844
74 950
399 327
471 363
247 890
706 136
543 425
121 84
436 806
854 410
393 266
186 3
313 154
219 328
593 971
798 616
815 224
918 567
903 389
930 150
632 988
638 175
765 111
611 202
918 465
964 663
84 150
666 397
656 885
77 602
208 875
570 24
452 488
591 355
230 873
858 862
861 848
389 626
960 1
180 230
818 144
893 902
646 912
652 655
